4.49 7.55
4.52 8.13
4.63 8.69
4.56 9.04
4.56 9.56
4.56 10.06
4.49 10.52
4.30 10.96
4.14 11.22
3.90 11.43
3.66 11.63
3.24 11.79
2.80 11.83
2.43 11.78
1.78 11.83
1.47 11.42
1.24 10.79
1.34 10.55
1.53 10.09
1.74 9.90
2.08 9.63
2.38 9.15
2.49 8.59
2.45 8.24
2.35 7.73
2.29 7.28
1.85 6.80
1.49 6.15
1.30 5.95
1.12 5.58
1.15 5.58
1.07 4.59
1.12 4.05
1.54 3.62
1.92 3.52
2.18 3.50
2.52 3.45
2.82 3.32
3.15 3.12
3.48 3.29
3.65 3.67
3.83 3.89
3.92 4.14
4.04 4.49
4.15 4.77
4.25 5.15
4.37 6.06
4.40 6.30
4.48 6.55
4.50 6.91
4.48 7.19
4.50 7.45
4.48 7.70